#Mon Nov 07 10:14:30 CET 2011
elipse.plugins.feature=2.0.3.201111071014
core.root.feature=1.0.0.201111071014
org.eclipse.rcp_3.7.1=3.7.1.r37x_v20110729-9DB5FmNFnFLSFCtLxnRfMqt15A4A
org.eclipse.equinox.executable_3.5.0=3.5.0.v20110530-7P7NFUFFLWUl76mart
eu.kalafatic.gemini.core.feature_2.0.3=2.0.3.201111071014
elipse.plugins.feature_2.0.3=2.0.3.201111071014
eu.kalafatic.gemini.core.feature=2.0.3.201111071014
org.eclipse.equinox.p2.rcp.feature_1.0.1=1.0.1.R37x_v20110906-782EpBqNKGUkZQpuT8hAlWlFbUeo
eu.kalafatic.gemini.core.module_2.0.3=2.0.3.201111071014
org.eclipse.equinox.p2.core.feature=1.0.1.R37x_v20110906-8290FZ3FUqIcLqkVkEaTdn_14C7G
org.eclipse.equinox.p2.core.feature_1.0.1=1.0.1.R37x_v20110906-8290FZ3FUqIcLqkVkEaTdn_14C7G
org.eclipse.equinox.p2.rcp.feature=1.0.1.R37x_v20110906-782EpBqNKGUkZQpuT8hAlWlFbUeo
org.eclipse.rcp=3.7.1.r37x_v20110729-9DB5FmNFnFLSFCtLxnRfMqt15A4A
org.eclipse.equinox.executable=3.5.0.v20110530-7P7NFUFFLWUl76mart
core.root.feature_1.0.0=1.0.0.201111071014
eu.kalafatic.gemini.core.module=2.0.3.201111071014
