#Sat Apr 13 15:37:28 CEST 2013
core.root.feature=2.1.3.201304131526
org.eclipse.rcp_3.7.2=3.7.2.v20120120-1424-9DB5FmnFq5JCf1UA38R-kz0S0272
org.eclipse.equinox.executable_3.5.0=3.5.0.v20110530-7P7NFUFFLWUl76mart
eu.kalafatic.gemini.core.feature=2.1.3.201304131526
org.eclipse.equinox.p2.rcp.feature_1.0.1=1.0.1.v20110906-1605-782EqBqNKGVkiV-PUsgz-uny4gqO
eclipse.plugins.feature_2.1.3=2.1.3.201304131526
org.eclipse.equinox.p2.core.feature=1.0.1.v20110906-1605-8290FZ9FVKHVRKtmx3fpNuo02129
eclipse.plugins.feature=2.1.3.201304131526
org.eclipse.equinox.p2.core.feature_1.0.1=1.0.1.v20110906-1605-8290FZ9FVKHVRKtmx3fpNuo02129
org.eclipse.equinox.p2.rcp.feature=1.0.1.v20110906-1605-782EqBqNKGVkiV-PUsgz-uny4gqO
org.eclipse.rcp=3.7.2.v20120120-1424-9DB5FmnFq5JCf1UA38R-kz0S0272
eu.kalafatic.gemini.core.feature_2.1.3=2.1.3.201304131526
org.eclipse.equinox.executable=3.5.0.v20110530-7P7NFUFFLWUl76mart
eu.kalafatic.gemini.core.module_2.1.3=2.1.3.201304131526
eu.kalafatic.gemini.core.module=2.1.3.201304131526
core.root.feature_2.1.3=2.1.3.201304131526
